7
2 63 4 6 8
1 20 7 4 12
1 13 10 2 9
2 55 11 3 4
0 37 15 7 7
0 42 7 5 9
1 45 2 8 6
6
2 55 0 5 12
0 39 4 6 12
2 32 18 2 6
1 40 8 7 8
0 64 5 4 9
1 67 1 3 4
3
1 43 2 8 10
1 28 16 7 4
0 58 16 6 3
6
0 51 12 5 11
1 61 3 3 11
1 53 7 6 5
1 16 8 7 6
2 57 10 2 3
0 28 13 4 11
7
2 26 11 3 7
0 31 6 6 8
0 64 10 4 9
0 67 8 2 9
1 57 1 8 9
0 67 6 7 10
1 42 14 5 10
4
0 55 13 5 10
0 39 4 7 12
1 54 22 3 3
0 57 0 4 5
5
0 34 15 6 10
1 65 18 8 7
0 48 5 3 8
0 32 4 7 4
0 39 9 5 3
4
0 66 3 6 10
2 37 3 2 7
2 26 8 8 11
1 32 9 7 12
4
0 50 9 3 12
0 35 1 6 3
2 59 1 8 9
2 50 10 5 4
6
2 29 7 6 5
2 37 1 2 12
1 73 11 4 7
2 48 1 8 8
2 33 2 3 11
0 34 15 5 5
5
2 47 5 3 9
2 21 4 6 7
0 49 13 8 9
1 64 12 4 7
0 46 2 7 12
3
1 35 18 5 6
0 47 8 6 9
2 49 1 8 11
3
1 41 8 7 5
1 69 2 6 5
2 25 6 2 8
2
2 64 6 3 8
2 59 8 6 10
5
0 48 20 4 5
0 53 18 5 5
2 54 9 3 12
0 26 13 6 4
0 45 18 8 3
2
0 46 14 3 9
0 21 0 8 5
2
0 37 0 7 12
2 41 10 2 9
7
2 56 20 3 5
2 55 15 4 4
2 58 5 2 11
2 25 19 8 3
0 55 8 5 10
1 44 12 6 11
0 49 8 7 6
3
0 22 16 8 5
1 62 12 5 4
2 36 14 3 3
5
1 37 14 4 9
0 22 5 6 9
0 21 16 7 8
1 66 7 8 10
0 28 7 2 12
